0.08734734989468 0.02183683747367 0.0054592093684175 0.0013648023421044 0.00034120058552609 8.5300146381519e-05 2.1325036595376e-05 5.3312591488406e-06 1.332814787206e-06 3.3320369679749e-07 8.3300924196137e-08 2.082523104457e-08 5.2063077570574e-09 1.3015769352719e-09 3.2539423055456e-10 8.1348554309482e-11 2.0337134956993e-11 5.0842802047121e-12 1.2710656735132e-12 3.1776216987942e-13 7.9436684873364e-14 1.9855679412697e-14 4.9603658592647e-15 1.2366277936528e-15 3.0536856646645e-16 7.2851994573228e-17 1.4865692198326e-17 -3.8389786719746e-18
0.19312908046541 0.055195162869873 0.016823181297133 0.0069871545180821 0.0045129583617028 0.00049102057913401 0.00010318157206659 4.482466021066e-05 3.264810974111e-05 1.8164888806528e-05 1.6721665294503e-05 1.1171339386494e-06 9.8026338389746e-08 1.426444790538e-08 4.5302807127717e-09 8.1189946087753e-10 2.9954551003174e-10 7.7524569444371e-11 1.8498165740393e-11 5.3697014821086e-12 1.1134757504022e-12 2.9283082090252e-13 6.2444444152962e-14 2.4191540482875e-14 5.4263570721743e-15 1.4731948115458e-15 2.5921618590287e-16 7.5090447054012e-17
0.3238633292164 0.1029266613467 0.035511392996535 0.017533729435811 0.0063286093359295 0.0011728017309895 0.00037444058891647 0.0001881393766606 7.5246621944915e-05 4.763018114419e-05 2.9399721575713e-05 1.2032979844614e-05 6.0441460204338e-07 8.5266418919693e-08 1.9070071271901e-08 7.617339848521e-09 3.7080304955099e-09 7.6294224534642e-10 2.2076994801801e-10 4.9757292491805e-11 2.189399910323e-11 4.1997348234943e-12 1.3713652786049e-12 3.7998827269376e-13 6.8979467487681e-14 3.4009037159673e-14 8.0924827917894e-15 2.7764590257991e-15
0.48939200715859 0.16964877273769 0.06382660474881 0.034147076936178 0.012880964749209 0.0027428916921227 0.0011409802684694 0.00068809125038642 0.00029045606451452 8.9592400686804e-05 3.8835016672747e-05 1.5955300011653e-05 1.797049781604e-06 4.6344549704178e-07 1.7811791624902e-07 5.0644665829432e-08 2.154969959113e-08 7.8103104101611e-09 2.0605990434701e-09 6.5673085881781e-10 2.3001559927546e-10 3.4853883123571e-11 1.387253471206e-11 3.7342964263581e-12 1.4573199200999e-12 3.2314460167811e-13 1.2518865743402e-13 4.4302013447781e-14
0.70513233712661 0.26283528042411 0.10550011998833 0.048426328938307 0.019458071749725 0.005933923243803 0.0031153340252925 0.0016951587461917 0.0010467989203897 0.00040977446481853 0.00013727652640387 8.4689161852501e-05 6.375201777673e-05 4.065756337455e-06 1.0406312456059e-06 3.1336297496484e-07 1.4867975728566e-07 3.3425289564418e-08 1.2302826647574e-08 3.9061927740862e-09 1.4572334891673e-09 5.2297202379038e-10 1.7297641997806e-10 5.3807682570803e-11 1.3457390305615e-11 5.0147460182069e-12 1.180267113408e-12 5.0074522067219e-13
0.99625194171627 0.39488370274893 0.16672545032176 0.074037916698179 0.030366174853178 0.011202141157772 0.0058678165864093 0.0031375657006203 0.0014098996119336 0.00059547673978743 0.00024965798424744 0.0001370369731202 8.5046756875063e-05 8.4077453349069e-06 3.1521653988859e-06 1.3148192546685e-06 4.6040896965476e-07 1.5732923958195e-07 5.2405015747337e-08 1.4222376575433e-08 6.0057578818309e-09 2.1189834968264e-09 8.8288291378542e-10 2.6194303742345e-10 9.1233766762059e-11 3.2976622410843e-11 9.8169956474705e-12 3.6382120393279e-12
1.4057670316822 0.58715145164673 0.25817636734832 0.12080055783781 0.053534580676477 0.022869578160222 0.01341241609312 0.0085979449747569 0.0058423176983573 0.0046333464133863 0.00062163653483066 0.00022163313260105 0.00011331038689962 2.1472950646375e-05 8.98318462022e-06 4.1358918748974e-06 1.4718809566966e-06 5.3020168786721e-07 1.6901810788488e-07 6.0974240725486e-08 2.9599894443019e-08 9.1865352350269e-09 3.7827732851602e-09 1.3928639922236e-09 5.0179517469621e-10 1.5221011399084e-10 5.2419951310412e-11 2.3798745020782e-11
2.0110268413496 0.87818933273169 0.39912362799788 0.19345281303627 0.091229625734787 0.043532858088507 0.020281047339484 0.011954977106917 0.007531073751659 0.0052549590118508 0.00093478047708262 0.000351267507306 0.00018393344903339 5.270108746685e-05 2.5557141116371e-05 1.1132944559771e-05 3.5532998602975e-06 1.6024238675697e-06 5.9860871439249e-07 2.570498798087e-07 9.0972565791286e-08 3.7073968596423e-08 1.4726955506607e-08 5.1565625423933e-09 2.2912556513346e-09 8.0843965765918e-10 3.0225413862076e-10 1.1612549817755e-10
2.9590372752206 1.3413972380327 0.62626279863847 0.31035676851408 0.14656267668262 0.070873660547263 0.036307891232488 0.022316234553854 0.014762967614445 0.010325304682405 0.0052470724549961 0.0043370047302279 0.00054244493463972 0.0001347341717971 5.810294127356e-05 2.4951643569608e-05 9.4711689115666e-06 4.273057456154e-06 1.9359697863971e-06 7.1128732605804e-07 2.6915678318941e-07 1.177393262341e-07 4.8275777579192e-08 1.8948508410562e-08 8.9670517151715e-09 3.4387071602983e-09 1.2371586835417e-09 5.1563170767364e-10
4.5463642421867 2.1249713813412 1.0136878526427 0.50859731944139 0.24413916485254 0.11791452214162 0.057775506058274 0.032439788110725 0.019605926943895 0.012839879076044 0.0065360737807844 0.0049148277548325 0.00083773442876213 0.00027253749655005 0.00012702599422176 5.8055930824511e-05 2.2548832994203e-05 1.0325774072099e-05 4.4496182720789e-06 2.040327985437e-06 9.3364036743693e-07 3.809458556656e-07 1.7050266437265e-07 7.3485784653268e-08 2.9344758066892e-08 1.0839419848919e-08 4.5894559144313e-09 1.9728989677375e-09
7.4103784499895 3.5475234058733 1.7207007060125 0.85345150223267 0.41592554590766 0.20211610339206 0.099546640576454 0.053180074434166 0.02963146045268 0.017824764829173 0.0090360365887811 0.006115941640125 0.0014370470034157 0.0005578034367452 0.00027091238778651 0.00012578494356872 5.5915493787527e-05 2.5538832100253e-05 1.1977018869061e-05 5.6338819890407e-06 2.5515781623997e-06 1.0622669704713e-06 4.5456744898607e-07 2.0807214060493e-07 8.9404728912319e-08 3.7391605290527e-08 1.6572398564152e-08 7.1905637893475e-09
13.014473189753 6.3406867911438 3.1131144042931 1.5426606331388 0.75871070374928 0.37164026315926 0.18425504949415 0.096950792728892 0.051895665732873 0.028806629033802 0.014264585273226 0.0087914501363019 0.0028641263272724 0.0012293193274582 0.00057738759729821 0.00028028510340973 0.0001320026709015 6.3137837218568e-05 2.8462625833548e-05 1.3602613608393e-05 6.1718157444359e-06 2.757584737468e-06 1.2777100270501e-06 5.9595946041679e-07 2.6320444565214e-07 1.2262550482207e-07 5.2658641977634e-08 2.3473103429575e-08
24.954726714962 12.302446126715 6.0899177444208 3.0254888665951 1.4996021347503 0.74220472307008 0.36801963139593 0.18850923566798 0.098097197640705 0.051709844767495 0.025671012380286 0.014377125090357 0.0056635954420489 0.0026139065535346 0.0012636110088509 0.00063319903591581 0.00029966976853994 0.00014476620275388 6.8169718358144e-05 3.3536909560199e-05 1.5843707743748e-05 7.3918522177856e-06 3.421100535074e-06 1.5784063306504e-06 7.3272095068115e-07 3.4659052863028e-07 1.5469744683638e-07 7.1992551612725e-08
52.697435893148 26.165902445481 13.017657927671 6.4850430841856 3.2301777025412 1.6057853766106 0.80149299908966 0.40258880261304 0.20496299440344 0.10501699279019 0.05224328063232 0.027730862665562 0.012224768490557 0.0058885139830442 0.0028892447055218 0.0014468495511532 0.00070717258172232 0.00034496584165482 0.00016677654875398 8.2220235883834e-05 3.9941027619495e-05 1.918419114232e-05 9.193033065544e-06 4.4177954381782e-06 2.0739761087765e-06 9.8907127299669e-07 4.6749698569043e-07 2.1851693023574e-07
122.93679424341 61.278111057123 30.569859463883 15.261939590462 7.6182777100309 3.7996240536166 1.8982036170921 0.95325348177289 0.47946625024463 0.2419649417602 0.12088756405305 0.062136480668148 0.029256439274924 0.014458395111445 0.0071297584482864 0.0035553121771025 0.0017599008902301 0.0008735171626281 0.0004317256118172 0.00021143426283924 0.00010451422582759 5.1177963882082e-05 2.4755506840457e-05 1.2039623040617e-05 5.8388676583916e-06 2.83546057439e-06 1.3546523411542e-06 6.4946630794731e-07
316.25237582309 157.92882254923 78.891394660578 39.424475074985 19.698069185045 9.836732713103 4.9148027966872 2.4613113544643 1.2337572201642 0.61911590854932 0.30969125012705 0.15663963638635 0.076523869139334 0.038043822051579 0.018893075420736 0.0094310599031437 0.0046901982384823 0.0023376405407193 0.0011661361976892 0.00057407594866645 0.00028464245920019 0.00014080664676132 6.9627639144082e-05 3.4279901363016e-05 1.6883841236412e-05 8.2625987395021e-06 4.0342498698138e-06 1.9544050558313e-06
892.68951172778 446.14067026594 222.99357735181 111.47037054599 55.718143585745 27.846617719472 13.917894629628 6.9626442826927 3.4842063346237 1.7440146188837 0.87203046941234 0.43781166774652 0.21717000064314 0.1083211356564 0.054097657024582 0.027079077030888 0.013459722828625 0.0067192004970388 0.0033520234837502 0.0016674480081484 0.00082993771648913 0.00041375657007161 0.00020552714881615 0.00010192386928249 5.0439790281522e-05 2.4960699040187e-05 1.2338379338499e-05 6.0589035891139e-06
2747.9549902167 1373.7670197573 686.80308761321 343.3768109427 171.67125745165 85.821801030624 42.905093790162 21.458330941123 10.729953905448 5.3667542099879 2.6835043324894 1.3435397657216 0.67010156280924 0.33477408677153 0.16741747352859 0.08368632730736 0.041744389454211 0.020860955809193 0.010417445494251 0.0051990451789947 0.0025957448136399 0.0012959737174343 0.00064586997682276 0.00032167200172791 0.00016000186313836 7.9714533279384e-05 3.9589445398436e-05 1.9635656070027e-05
9168.6548266117 4584.1108531953 2291.9714139612 1145.963602422 572.9631746194 286.46626338287 143.23040931817 71.625216975826 35.810063339058 17.906433590582 8.9537412904249 4.4785442568525 2.2377797721574 1.1184603420517 0.55919934195029 0.27958567109081 0.13969647218977 0.069831424943069 0.034902896222548 0.017439616632455 0.0087140044881148 0.0043545026271011 0.0021746243788758 0.0010856751051299 0.00054184597937447 0.00027023115988884 0.00013477395854275 6.7125654709812e-05
32975.482397937 16487.518836307 8243.6718868115 4121.8077926296 2060.8858624046 1030.4275652566 515.20798785888 257.6144887477 128.80498902461 64.403812018357 32.202450653571 16.103036071649 8.05003228783 4.0244726739283 2.0121563370001 1.0060755943452 0.50294045580676 0.25144902746167 0.12571300958551 0.062849967666835 0.031418587374068 0.015703887719564 0.0078482207856706 0.0039216908823841 0.0019594417375193 0.00097886037443198 0.00048880469071564 0.0002440873140236
127226.98271558 63613.263454269 31806.540746418 15903.237353707 7951.5979013665 3975.7821321582 1987.8872568071 993.95650468822 496.97811251779 248.49199177971 124.24497115615 62.123971654184 31.060504741406 15.529731593588 7.7648211226576 3.8823318787327 1.9410747510023 0.97051886283995 0.48525493743022 0.24261997909136 0.1213023378207 0.060645297552816 0.030317920480543 0.015155256398569 0.0075759710809328 0.0037867963665823 0.0018926475585958 0.00094574870291621
524401.40705609 262200.47032698 131100.14080051 65550.038918194 32774.998575591 16387.482293075 8193.7388520759 4096.8855721959 2048.4466148561 1024.2231109027 512.11048712246 256.05673939153 128.02695640281 64.012951748162 32.006449042072 16.003147812481 8.0014509967799 4.000721718385 2.0003537314151 1.0001677815793 0.50007553274955 0.25002979877094 0.12501225088808 0.062501449660968 0.031248584631287 0.015622441714695 0.0078102198879156 0.003904135187489
2300758.2071727 1150378.8653142 575189.33497682 287594.63842228 143797.29956797 71898.631618546 35949.312203195 17974.669465384 8987.3379184513 4493.6689675877 2246.8339084092 1123.4186630191 561.70793379781 280.85329852766 140.4266537172 70.213149963235 35.106453320186 17.55320101383 8.776589942547 4.3882852672888 2.1941318994414 1.0970586624394 0.54852808576655 0.27426092813267 0.13712978504372 0.068561175813152 0.034278445474536 0.017137624924978
10710595.347722 5355297.4307294 2677648.6144301 1338824.2814595 669412.11844792 334706.04080689 167353.01509807 83676.51840206 41838.261833924 20919.130931616 10459.564845536 5229.783730369 2614.8904565795 1307.4445236475 653.72230695162 326.86093417554 163.43033354262 81.71514238169 40.857556809465 20.428780238408 10.214377039629 5.1071828690368 2.5535854916011 1.2767889271831 0.63839349295754 0.31919229298543 0.15958911278083 0.079791833734028
