0.08734734989468 0.02183683747367 0.0054592093684175 0.0013648023421044 0.00034120058552609 8.5300146381519e-05 2.1325036595376e-05 5.3312591488406e-06 1.332814787206e-06 3.3320369679749e-07 8.3300924196137e-08 2.082523104457e-08 5.2063077570574e-09 1.3015769352719e-09 3.2539423055456e-10 8.1348554309482e-11 2.0337134956993e-11 5.0842802047121e-12 1.2710656735132e-12 3.1776216987942e-13 7.9436684873364e-14 1.9855679412697e-14 4.9603658592647e-15 1.2366277936528e-15 3.0536856646645e-16
0.19312908046541 0.055195162869873 0.016823181297133 0.0069871545180821 0.0045129583617028 0.0038934599812569 0.00029558141921045 3.6597035168325e-05 1.1881267687137e-05 8.2042213499242e-06 7.9593877916861e-07 1.4031785470306e-07 4.6864305547592e-08 1.1602795430942e-08 4.3234879091241e-09 1.029842338519e-09 2.9304148632574e-10 7.3977591415398e-11 1.7601878755657e-11 4.6113417714654e-12 1.019716820879e-12 3.065128887115e-13 6.9946242457585e-14 1.8047014091365e-14 6.298408622315e-15
0.3238633292164 0.1029266613467 0.035511392996535 0.01240634818858 0.0066087898153524 0.0046237335017022 0.00062839246043016 0.00013071061376947 3.9467451591825e-05 1.5416211387657e-05 3.831053788165e-06 8.1450558417911e-07 2.8650979818682e-07 1.249980627482e-07 5.0337563736121e-08 6.7000081365155e-09 2.8976176340558e-09 1.0231531581069e-09 1.7600284736757e-10 5.084388971527e-11 1.9986046130721e-11 6.5698880955813e-12 1.0788173929309e-12 5.0874189769378e-13 1.4004889979341e-13
0.48939200715859 0.16964877273769 0.06382660474881 0.02647483927026 0.016484756686082 0.0063516781082306 0.0011653508656325 0.00045069819643243 0.00021419698474124 4.9221440609437e-05 1.7414758366035e-05 6.7781182319566e-06 1.8142962487823e-06 5.6136134986116e-07 2.2246498543975e-07 7.2685409961354e-08 1.399898024964e-08 6.7945408748316e-09 2.0952263544335e-09 6.5356713487344e-10 2.0096311553796e-10 5.8311035537065e-11 1.7165456068935e-11 5.7532003883308e-12 1.752803052239e-12
0.70513233712661 0.26283528042411 0.10550011998833 0.043539479970305 0.023052495589028 0.0097355945716116 0.002778807395484 0.0013056174647741 0.00042275528053381 0.0001405851800126 7.0466328958425e-05 2.3038946914261e-05 8.7173753434218e-06 2.5595847453957e-06 9.4193440892656e-07 3.1930627585212e-07 1.320944774219e-07 4.3045380687523e-08 1.1592369974811e-08 4.3973650709558e-09 1.2837022628148e-09 4.9386485318083e-10 1.0319977040391e-10 4.4696058930409e-11 1.5278917621474e-11
0.99625194171627 0.39488370274893 0.16672545032176 0.071678075514526 0.036458659584256 0.017849444916167 0.0083008343859062 0.0057859046116672 0.0011302439452294 0.00032396313990769 0.0001441628998883 5.9639236860263e-05 2.7136060325101e-05 8.9187212013302e-06 3.6173644696362e-06 1.37816976348e-06 5.5261039923195e-07 1.7108718015183e-07 6.3742715511042e-08 1.8605129824559e-08 5.1429174252304e-09 2.4218264326927e-09 7.2165375818971e-10 2.5504784082434e-10 1.0544695448547e-10
1.4057670316822 0.58715145164673 0.25817636734832 0.11612970034281 0.062946597019112 0.029581948379147 0.015177560438502 0.0074983879012096 0.0018721799303399 0.00069546729854583 0.00034630330913453 0.00013511984429239 5.7776192597497e-05 2.1888000735211e-05 8.7575335637932e-06 3.8381373296802e-06 1.6465758579957e-06 5.7887241242211e-07 1.7596030643949e-07 7.9455863867222e-08 2.7669255147564e-08 1.1247372290517e-08 3.7933940431315e-09 1.3263635259921e-09 4.9372582440905e-10
2.0110268413496 0.87818933273169 0.39912362799788 0.18646736670856 0.091658682745837 0.043426891084065 0.02198652237728 0.010938838212814 0.0038542600965739 0.0016253348099994 0.00078656644261533 0.00027866180430149 0.00011854099644073 5.2802454969904e-05 2.300652321547e-05 8.5706844269064e-06 3.8752504835857e-06 1.6175816033647e-06 6.8956083274817e-07 2.3052657250707e-07 1.0395133203546e-07 3.7357365515137e-08 1.3875676771338e-08 6.1475838024145e-09 2.199537180366e-09
2.9590372752206 1.3413972380327 0.62626279863847 0.2965300568109 0.14750723660872 0.074713625326804 0.040558718413094 0.023842888988904 0.010730793975233 0.0034453326786808 0.001480908127339 0.00064918790220996 0.00026417786522 0.00012454547622203 5.5589407702468e-05 2.2626528549467e-05 1.0264194366083e-05 4.4719029169105e-06 1.7694666344211e-06 7.6625029469944e-07 3.0916218185245e-07 1.1766728592295e-07 5.109365975955e-08 2.0121973396259e-08 8.257552772671e-09
4.5463642421867 2.1249713813412 1.0136878526427 0.4900876336368 0.24826308318534 0.12575522540791 0.06848392674099 0.038183101899831 0.01606945382277 0.0059899320072999 0.002759053013267 0.001200519866463 0.00054202753946522 0.00025682590772227 0.00012581652447153 5.5149032137585e-05 2.4096995138992e-05 1.0848751629319e-05 4.8231044520387e-06 2.1073370576103e-06 8.2714893048369e-07 3.5821751104416e-07 1.5923889600736e-07 6.4488164699924e-08 2.8551766377476e-08
7.4103784499895 3.5475234058733 1.7207007060125 0.84449904388711 0.41925118467537 0.21226551156055 0.11019278195646 0.058924129633685 0.026249851029983 0.011090068154126 0.0051312752922338 0.0023762534928854 0.00113851805032 0.00053711980203646 0.00025617729121456 0.00011666691638724 5.3585450663558e-05 2.479920330136e-05 1.1407059523973e-05 5.3641662072536e-06 2.2673438432445e-06 1.0422466831727e-06 4.7084365767762e-07 2.0258299720878e-07 8.985267360566e-08
13.014473189753 6.3406867911438 3.1131144042931 1.5426606331388 0.76382059096124 0.38698328858138 0.19743356530774 0.10039644093245 0.046879409137528 0.021496298565613 0.010270142436561 0.0050299852526791 0.002378443795067 0.0011524305554629 0.00055742787205745 0.00026654026263383 0.00012501589564614 5.8698507157776e-05 2.7876955549811e-05 1.3323822244651e-05 6.1100745657594e-06 2.8013299713177e-06 1.264484246865e-06 5.768314426233e-07 2.5813842374179e-07
24.954726714962 12.302446126715 6.0899177444208 3.0340765559043 1.5120534769132 0.75867166475177 0.38366017196307 0.19169355998357 0.092407555542125 0.044213879606794 0.021681272130313 0.010766912858658 0.0052784122385093 0.0025474386962908 0.0012527089777962 0.00061087063531035 0.00029528824652747 0.00014113707367862 6.6485745754191e-05 3.2706977293633e-05 1.5422122459087e-05 7.2350398976363e-06 3.4013704065111e-06 1.5982740410193e-06 7.3798563148322e-07
52.697435893148 26.165902445481 13.017657927671 6.5020494854316 3.2501515422376 1.6285640176542 0.81447754950036 0.40621510272448 0.19957896125999 0.098026341821633 0.048618411996026 0.024265390976368 0.012020636473654 0.0058299540978945 0.0029005833689161 0.0014373419608038 0.00070511019436242 0.00034472232847443 0.00016634964785877 8.1417844774141e-05 3.9340842279954e-05 1.8861809125732e-05 9.1271548389584e-06 4.3452113337806e-06 2.0776871116322e-06
122.93679424341 61.278111057123 30.569859463883 15.283390484861 7.6349605104075 3.8160303416633 1.9076229996455 0.9533473979966 0.47286017112669 0.23452792834687 0.116710988356 0.05823841926826 0.029001118979786 0.014302570583051 0.0071270014591922 0.0035499661899253 0.0017605272837411 0.00086364570981031 0.00042623755399287 0.00021023018336739 0.00010342574855435 5.0366701215166e-05 2.4660845866984e-05 1.1940785612161e-05 5.8228568341716e-06
316.25237582309 157.92882254923 78.891394660578 39.450605646198 19.722754725068 9.8580724089825 4.926719475222 2.4644978314518 1.2298620307553 0.61142720748752 0.30515298288747 0.15261869531494 0.076187620057435 0.037829452266619 0.018859379653818 0.0094133142336562 0.0046876460169036 0.0023261554815502 0.0011545026491299 0.00057314345792698 0.00028318649679454 0.00013977110366989 6.9167301184943e-05 3.3912677368697e-05 1.6749004452046e-05
892.68951172778 446.14067026594 222.99357735181 111.50944536453 55.75813742231 27.875917988646 13.936181190149 6.9690637423311 3.4834351534249 1.7398604874062 0.8676910721395 0.43385655242121 0.216754696216 0.10806357844508 0.053986210829853 0.026975408227594 0.013456987844045 0.0067091712748404 0.0033425888746728 0.0016658723623613 0.00082848366996629 0.00041189252460381 0.00020458595801377 0.00010121334850601 5.0305341029066e-05
2747.9549902167 1373.7670197573 686.80308761321 343.42337026672 171.72309878361 85.86067807019 42.926643231136 21.467581862407 10.729796190305 5.3628110797667 2.6792328138635 1.3394484956435 0.66957277075003 0.33447131042133 0.16713027826341 0.083554477247195 0.041751982733266 0.020846179568046 0.010410971881047 0.0051958398421956 0.002592871486671 0.0012934008644138 0.00064469749355069 0.00032116089660125 0.0001599323010947
9168.6548266117 4584.1108531953 2291.9714139612 1146.0182773078 573.03094992358 286.51162860691 143.24968220419 71.629460495884 35.809264067264 17.902380969344 8.948952772016 4.4743554921379 2.2371078921352 1.1182279750016 0.55906580078639 0.27942979622428 0.1396796752134 0.069808291111615 0.034886756921688 0.017433736980513 0.0087085361505864 0.0043507131649867 0.0021725891247352 0.0010844563704151 0.00054132950644189
32975.482397937 16487.518836307 8243.6718868115 4121.8524010851 2060.9470639303 1030.4742470084 515.22698739686 257.61787376056 128.80350743642 64.399625464071 32.197795290272 16.098546534117 8.0492769990611 4.024257191716 2.0120152168213 1.0059077989428 0.50291568519047 0.25141684794842 0.12569149554763 0.062832187341475 0.031404776705358 0.015697811697977 0.0078448762185596 0.0039203964674067 0.0019588784883978
