0.08734734989468 0.02183683747367 0.0054592093684175 0.0013648023421044 0.00034120058552609 8.5300146381519e-05 2.1325036595376e-05 5.3312591488406e-06 1.332814787206e-06 3.3320369679749e-07 8.3300924196137e-08 2.082523104457e-08 5.2063077570574e-09 1.3015769352719e-09 3.2539423055456e-10 8.1348554309482e-11 2.0337134956993e-11
0.19312908046541 0.055195162869873 0.016823181297133 0.0043948197355123 0.0014345608074011 0.00042013642492311 0.00022533015923358 4.6762898802365e-05 7.3743685128046e-06 2.3154927969563e-06 6.5410348840949e-07 1.7085452346358e-07 3.8130613369306e-08 1.1213869163369e-08 2.8134802146545e-09 7.2636585160124e-10 2.0345121883966e-10
0.3238633292164 0.1029266613467 0.035511392996535 0.01240634818858 0.003527704471322 0.0014649111146162 0.00095641348871434 0.00050951132073184 0.00043576767747791 3.5883212739852e-05 6.8381331003811e-06 1.0997877107101e-06 2.8966922879495e-07 9.6179760586682e-08 2.6533243247291e-08 7.0209214792473e-09 2.1578439084106e-09
0.48939200715859 0.16964877273769 0.06382660474881 0.02647483927026 0.010306694167791 0.0062637633803412 0.0052616154373296 0.0043466798905964 0.0041702865646122 0.00029696167693746 3.3155190806742e-05 4.5348849103593e-06 1.6343969861676e-06 5.9268308815992e-07 1.7575757104091e-07 5.5317525850001e-08 1.5554898724416e-08
0.70513233712661 0.26283528042411 0.10550011998833 0.043539479970305 0.016878899786253 0.0090306603819612 0.0067114435305458 0.0050757931124594 0.004506605267238 0.00040878969312165 9.1972312059016e-05 3.7869143439868e-05 5.9264442560935e-06 2.2066819876925e-06 8.5207439994964e-07 2.7447233352358e-07 8.9387821212644e-08
0.99625194171627 0.39488370274893 0.16672545032176 0.071678075514526 0.030542960597092 0.014300277630876 0.0089926268721256 0.00583770988132 0.0048746385173873 0.00058760837931348 0.00016423992363552 6.5490655659329e-05 1.8781596424628e-05 7.104270827125e-06 2.4507851110458e-06 8.6626833685113e-07 3.5911680437264e-07
1.4057670316822 0.58715145164673 0.25817636734832 0.11612970034281 0.050973748580063 0.025964567298013 0.013172137155546 0.00794225870533 0.0060244356597874 0.0013656344038902 0.00041895657107093 0.00014064669833977 4.6292602891084e-05 1.8641059459217e-05 7.2915203336923e-06 2.8972921115945e-06 1.1588806330766e-06
2.0110268413496 0.87818933273169 0.39912362799788 0.18420732201148 0.083236508141247 0.04401182633619 0.024256563066925 0.01170752007115 0.0076477848648621 0.0021244966873585 0.00083421353126977 0.00036135151537473 0.00011007314897146 4.7277005254453e-05 2.0148641824688e-05 7.8242698524169e-06 3.4126872006913e-06
2.9590372752206 1.3413972380327 0.62626279863847 0.2965300568109 0.13907714831439 0.071769813444334 0.03652201567511 0.017883475025014 0.010590989645135 0.0034442268959075 0.0014362398380739 0.00066292739641778 0.00025325180567455 0.00011062300297319 4.5821006844727e-05 2.0785586337309e-05 8.7672933135846e-06
4.5463642421867 2.1249713813412 1.0136878526427 0.4900876336368 0.23419233424942 0.12313196941206 0.05869258986971 0.028899721684185 0.01586592829371 0.0060356248565621 0.0026450534176491 0.0012281641786202 0.00052545800174734 0.00023422392226991 0.00010795455643389 4.8576828432725e-05 2.1700524012269e-05
7.4103784499895 3.5475234058733 1.7207007060125 0.84020408760018 0.40882675506199 0.20622450675853 0.099900420591805 0.049557264389796 0.026482495130488 0.011230458680035 0.0052744827014719 0.0024614251191904 0.0011080425715857 0.00052441958649983 0.00024091228127377 0.00011094077346411 5.1584177829651e-05
13.014473189753 6.3406867911438 3.1131144042931 1.5362392790015 0.75653349805756 0.37806775503937 0.18725788183525 0.091592247268678 0.04755687538692 0.021869706895461 0.010529874564945 0.0050302435869635 0.0023293455016375 0.0011170681896256 0.00053554743593187 0.00025498832883977 0.00011893215367296
24.954726714962 12.302446126715 6.0899177444208 3.0254888665951 1.4996021347503 0.75490165893368 0.37380177756576 0.18660882228465 0.093390964471308 0.044552161259766 0.021818919963077 0.010639185884079 0.0050938589271519 0.0024800106382938 0.0012076119545095 0.00058473138320888 0.0002824699303812
52.697435893148 26.165902445481 13.017657927671 6.4850430841856 3.2276720634233 1.6152774272117 0.80378956882804 0.40163525553634 0.20152441068735 0.098735978468626 0.048821992048519 0.023941512201427 0.011685584301113 0.0057558894935171 0.0028466631457732 0.001394534321846 0.00068186020993554
122.93679424341 61.278111057123 30.569859463883 15.257963377436 7.6137215794636 3.8094173945295 1.9039347503426 0.95511995702048 0.47519387213976 0.23544518364819 0.11722902827182 0.058066558036692 0.028663940284731 0.01420856029012 0.0070648369911337 0.0034944289486072 0.0017280298562648
316.25237582309 157.92882254923 78.891394660578 39.418531405824 19.693766861108 9.8490325624155 4.924322539406 2.4660895983296 1.228800175418 0.61200277655116 0.305457736816 0.15209927088386 0.075664966370103 0.037715906659639 0.018774880938189 0.0093436033719458 0.0046457925484422
892.68951172778 446.14067026594 222.99357735181 111.46653680657 55.718575233875 27.864106025656 13.937121602976 6.9680016751586 3.47960899448 1.7374102855007 0.86837566146345 0.43331900598009 0.21620166507886 0.10793970330461 0.053867837866597 0.0268786709855 0.013408301555851
2747.9549902167 1373.7670197573 686.80308761321 343.37108066838 171.66924646967 85.84644512813 42.928575206297 21.467089236134 10.729236504795 5.3635008537308 2.6797132825841 1.3389095972047 0.66898422666882 0.33431301196831 0.16701378957266 0.083446518878951 0.04167863572914
9168.6548266117 4584.1108531953 2291.9714139612 1145.9559474385 572.96134510641 286.48428543827 143.24577226407 71.626079210483 35.809154561904 17.903337069545 8.9494360863469 4.4737823639146 2.236310100594 1.117932705634 0.55879326738879 0.27932358330957 0.13961059878282
32975.482397937 16487.518836307 8243.6718868115 4121.8077926296 2060.8858624046 1030.4443364347 515.22251654393 257.61499685487 128.80408595694 64.400990914213 32.19807677109 16.097921332094 8.0482600018527 4.0239005790746 2.0117424780339 1.0057931860881 0.50282596571804
