0.0 0.0 0.499565656728 0.0 -0.999131313456
0.1 -0.0276339690899 0.498317306325 -4.73316294491e-09 -0.996634612649
0.2 -0.0549832991934 0.494590934272 -3.56900620169e-12 -0.989181868542
0.3 -0.0817686908615 0.488442174418 -5.49602030553e-13 -0.976884348836
0.4 -0.1077213341 0.479962415204 -1.76983427913e-13 -0.959924830408
0.5 -0.132587868718 0.469276833597 7.35522753814e-15 -0.938553667194
0.6 -0.156134951741 0.456541713566 1.20181642416e-14 -0.913083427131
0.7 -0.178153357708 0.441941117561 1.85667314856e-11 -0.883882235123
0.8 -0.198461508475 0.425682995715 1.94844140822e-14 -0.85136599143
0.9 -0.216908357702 0.407994831282 -3.49165141245e-14 -0.815989662565
1.0 -0.233375567151 0.389118931928 -9.71445146547e-16 -0.778237863856
1.1 -0.24777893262 0.369307484421 1.35447209004e-14 -0.738614968843
1.2 -0.260069036818 0.348817495049 -8.00470800755e-14 -0.697634990099
1.3 -0.270231126266 0.327905739418 -8.16013923099e-15 -0.655811478836
1.4 -0.278284230355 0.306823843256 2.86437540353e-14 -0.613647686513
1.5 -0.284279558923 0.285813610542 2.36444197554e-12 -0.571627221085
1.6 -0.288298233813 0.26510270682 1.18188792086e-12 -0.53020541364
1.7 -0.290448425448 0.244900794337 -1.80411241502e-14 -0.489801588674
1.8 -0.290861979884 0.225396201898 -2.12052597703e-14 -0.450792403796
1.9 -0.289690633303 0.206753196553 -1.15357723374e-12 -0.413506393107
2.0 -0.287101919429 0.189109906917 7.27196081129e-15 -0.378219813834
2.1 -0.283274880961 0.172576929526 2.55351295664e-15 -0.345153859052
2.2 -0.27839569847 0.157236630768 8.99280649946e-15 -0.314473261536
2.3 -0.272653349358 0.143143138109 -1.16501253089e-12 -0.286286276218
2.4 -0.266235405507 0.130322996099 9.38138455808e-15 -0.260645992198
2.5 -0.259324071337 0.118776445559 -1.79856129989e-14 -0.237552891117
2.6 -0.252092554432 0.108479268799 2.93765012316e-13 -0.216958537598
2.7 -0.24470184889 0.0993851302337 1.02973185534e-14 -0.198770260467
2.8 -0.237297997715 0.0914283305687 2.22044604925e-15 -0.182856661137
2.9 -0.230009885134 0.0845268842431 -8.65668647876e-13 -0.169053768486
3.0 -0.222947593349 0.0785858240674 1.45236600524e-12 -0.157171648135
3.1 -0.216201341263 0.0735006342326 3.28403970684e-13 -0.147001268465
3.2 -0.20984100592 0.069160712994 -1.60427227058e-13 -0.138321425988
3.3 -0.203916210853 0.0654527693272 2.18408624519e-13 -0.130905538654
3.4 -0.198456950267 0.0622640635278 -2.82884826674e-13 -0.124528127056
3.5 -0.193474703885 0.0594854098439 -1.29896093881e-14 -0.118970819688
3.6 -0.188963985137 0.0570138694805 1.26565424807e-14 -0.114027738961
3.7 -0.184904255272 0.0547550743243 -4.28740376535e-13 -0.109510148649
3.8 -0.181262128252 0.0526251350974 1.45522482953e-13 -0.105250270195
3.9 -0.177993786066 0.0505521019025 4.57966997658e-15 -0.101104203805
4.0 -0.175047521533 0.0484769598246 8.32667268469e-17 -0.0969539196492
4.1 -0.172366325628 0.0463541569189 1.36834987785e-13 -0.0927083138378
4.2 -0.169890438916 0.0441516761143 -6.95277169172e-14 -0.0883033522286
4.3 -0.167559791542 0.0418506758531 5.21804821574e-15 -0.0837013517062
4.4 -0.165316263253 0.0394447362998 1.4155343564e-13 -0.0788894725997
4.5 -0.163105703781 0.0369387583456 7.57727214307e-15 -0.0738775166911
4.6 -0.160879664288 0.0343475711423 1.28286270495e-13 -0.0686951422846
4.7 -0.158596802028 0.0316943103158 1.26565424807e-14 -0.0633886206317
4.8 -0.156223932642 0.0290086332006 -2.22044604925e-14 -0.0580172664011
4.9 -0.153736716971 0.026324839352 -2.42417197427e-13 -0.0526496787039
5.0 -0.151119981719 0.0236799642491 9.60620472057e-14 -0.0473599284981
5.1 -0.148367685195 0.0211119115853 -6.70297151117e-14 -0.0422238231706
5.2 -0.145482550455 0.0186576850232 -1.49352752388e-13 -0.0373153700464
5.3 -0.142475397964 0.0163517739752 3.83026943496e-15 -0.0327035479503
5.4 -0.139364218357 0.0142247401413 -1.94289029309e-16 -0.0284494802826
5.5 -0.136173032543 0.0123020424927 3.70536934469e-14 -0.0246040849853
5.6 -0.132930591231 0.0106031284856 1.44217970899e-13 -0.0212062569712
5.7 -0.129668968919 0.0091408088777 -2.66175970154e-14 -0.0182816177554
5.8 -0.126422108261 0.00792092296611 3.98014954328e-14 -0.0158418459322
5.9 -0.123224369787 0.00694229072897 3.11556336285e-14 -0.0138845814579
6.0 -0.120109139125 0.00619693857121 -4.17166301503e-14 -0.0123938771424
6.1 -0.117107539396 0.00567057645702 6.65439925385e-14 -0.011341152914
6.2 -0.114247290559 0.00534329642889 -5.32490718186e-14 -0.0106865928578
6.3 -0.111551750348 0.00519045608644 8.46822612033e-14 -0.0103809121729
6.4 -0.109039163445 0.00518370569864 -4.02733402183e-14 -0.0103674113973
6.5 -0.106722136921 0.00529211436152 1.01307850997e-15 -0.010584228723
6.6 -0.104607351061 0.00548334904238 -1.15879528195e-14 -0.0109666980848
6.7 -0.102695505882 0.0057248604639 -3.81500386837e-14 -0.0114497209278
6.8 -0.100981495087 0.00598503151121 7.68413110919e-14 -0.0119700630224
6.9 -0.0994547913681 0.00623424707416 3.55410145758e-14 -0.0124684941483
7.0 -0.0981000199395 0.00644584879796 -1.89570581455e-14 -0.0128916975959
7.1 -0.0968976912987 0.00659694390014 5.28188603965e-14 -0.0131938878003
7.2 -0.0958250595591 0.00666904378141 -5.72458747072e-14 -0.0133380875628
7.3 -0.0948570694548 0.00664851534673 5.48866507799e-14 -0.0132970306935
7.4 -0.0939673533056 0.00652683548694 -3.51801920928e-14 -0.0130536709739
7.5 -0.0931292388927 0.00630064676778 1.94289029309e-16 -0.0126012935356
7.6 -0.0923167302765 0.00597161976153 8.11295475245e-14 -0.0119432395231
7.7 -0.091505426013 0.00554613437809 1.09634523682e-15 -0.0110922687562
7.8 -0.09067334285 0.0050347987754 4.13835632429e-14 -0.0100695975508
7.9 -0.0898016176435 0.00445182975317 -1.58484336765e-14 -0.00890365950635
8.0 -0.0888750657309 0.00381432279802 -3.91214838302e-14 -0.00762864559603
8.1 -0.0878825800881 0.00314144303229 3.00454106039e-14 -0.00628288606457
8.2 -0.0868173620654 0.0024535701513 -5.52891066263e-14 -0.00490714030258
8.3 -0.0856769810713 0.0017714309881 -2.44387843296e-14 -0.00354286197621
8.4 -0.0844632670279 0.00111525264338 9.60342916301e-15 -0.00223050528676
8.5 -0.0831820455209 0.000503967224867 3.80945275325e-14 -0.00100793444974
8.6 -0.0818427310952 -4.55037341777e-05 9.53404022397e-15 9.1007468352e-05
8.7 -0.0804577989222 -0.000518861025131 1.87488913284e-14 0.00103772205027
8.8 -0.079042158942 -0.00090491621374 -1.7333356972e-14 0.00180983242748
8.9 -0.0776124594359 -0.00119594257545 8.86790640919e-15 0.0023918851509
9.0 -0.0761863487494 -0.00138787991917 1.72362124573e-14 0.00277575983835
9.1 -0.0747817245258 -0.00148039045965 -4.55191440096e-14 0.0029607809193
9.2 -0.073415999337 -0.00147676858485 3.50691697903e-14 0.0029535371697
9.3 -0.0721054100628 -0.00138371276639 -1.59733337668e-14 0.00276742553278
9.4 -0.0708643958623 -0.00121097279108 3.00731661795e-14 0.00242194558215
9.5 -0.0697050662168 -0.000970889778338 -1.87350135405e-15 0.00194177955668
9.6 -0.0686367764629 -0.000677849952932 4.96408469886e-14 0.00135569990586
9.7 -0.0676658236375 -0.000347675756781 -1.26704202685e-14 0.000695351513564
9.8 -0.0667952705169 3.02046373275e-06 1.62370117351e-14 -6.04092747077e-06
9.9 -0.0660249006413 0.000357494302242 6.42541575502e-15 -0.00071498860448
10.0 -0.0653513020696 0.000699513111291 -2.00811589579e-14 -0.00139902622257
